0 68 27
1 92 42
2 123 64
3 162 91
4 204 114
5 246 145
6 260 170
7 283 172
8 260 186
9 194 179
10 133 172
11 80 126
12 57 52
13 23 29
14 11 28
15 8 17
16 11 3
17 10 0
18 8 0
19 8 0
20 8 0
21 10 0
22 14 0
23 19 0
24 24 0
25 34 0
26 47 0
27 59 0
28 75 0
29 96 0
30 114 0
31 132 0
32 133 0
33 149 0
34 153 0
35 164 0
36 171 0
37 178 0
38 171 0
39 149 0
40 116 0
41 93 0
42 70 0
43 42 0
44 16 0
45 9 0
46 8 0
47 6 0
48 3 0
49 5 0
50 5 0
51 7 0
52 10 0
53 16 0
54 23 0
55 32 0
56 40 0
57 53 0
58 67 0
59 80 0
60 85 0
61 86 0
62 83 0
63 72 0
64 56 0
65 39 0
66 41 0
67 32 0
68 27 0
69 26 0
70 24 0
71 19 0
72 20 0
73 25 0
74 27 0
75 28 0
76 38 0
77 50 0
78 53 0
79 65 0
80 74 0
81 83 0
82 102 0
83 110 0
84 120 0
85 137 0
86 137 0
87 128 0
88 129 0
89 144 0
90 134 0
91 131 0
92 125 0
93 111 0
94 108 0
95 90 0
96 86 0
97 69 0
98 56 0
99 49 0
